0 0.704779289518786 -1.18639226276284
2 1.19386692634712 -0.445273401019141
0 -1.40055747678131 -3.17831061030298
0 1.15569365673069 -2.9573088740867
1 -2.22013431043533 2.38365478821673
1 -1.50015205194243 3.64589118846887
0 0.269543155095944 -1.60336607754703
1 -0.503018006519229 2.53126172437091
2 0.736108257026575 2.55408284626194
1 -0.92727055102156 2.44240995038762
1 0.632760539871286 2.02896534296465
1 -1.41343349002406 2.92404389711535
0 -0.392498436012578 -3.82286270731719
1 -0.907076102859688 2.38493705568526
2 -0.513616662398752 -0.792052914068494
1 -2.72682678884099 2.26795081878164
2 -2.03261528571111 -0.0362694931546999
2 -1.58487538096418 1.7856289301636
2 -0.280733446352622 2.29213501991300
2 -0.00614115518173475 1.02625311266992
0 -0.318885134331859 -1.33221012366368
0 0.370312902735517 -4.27041475879855
1 -2.50132351953186 1.97965640443467
0 1.04001092476527 -1.21482655996085
0 0.360464375345148 -3.23351796217502
2 -0.354904447374806 1.04973586379497
1 -1.87566704433613 3.44250959365497
0 -0.422083643499717 -0.624016522411593
2 -0.871667363518814 -0.116763627940421
1 0.0964592819807897 2.57433813344806
1 -1.72300264870829 3.90636039856071
0 -0.0127764784347015 -2.36750458735327
0 -1.55273993354415 -2.32882624196493
1 -1.41616014928538 4.36983259026469
1 -1.50544581127949 0.676587563704129
1 0.609192519987409 1.86977472267834
1 0.453500436899519 3.72394391771015
0 1.22407532727106 -1.86084517943102
1 -1.19423003184250 2.42980758096277
0 -1.00365764038973 -3.1698131670029
2 -0.209949506618279 0.619700280173589
2 0.62726477731683 0.252974354396197
2 1.02468290749185 0.0321379698103492
2 -1.18408996912033 0.759853132907171
2 -1.34193201010566 2.05056745945346
0 -1.74658402168704 -2.27219510452689
2 1.77314760769726 0.849604467660422
1 -0.314745528256088 1.48688734526778
2 1.16652847353210 1.28501613979425
1 -1.53256645849821 1.53542452190330
0 0.0623277747261018 -3.38049482993282
2 -0.919351898310639 1.81579947343478
0 -0.361137076226078 -3.44602273127608
0 1.69170582226691 -3.04304504794668
2 -0.241101879004557 1.43596692474822
0 -0.698797232578201 -1.59945261611764
1 -0.666972902127954 3.42632031407076
1 0.346781710246703 1.66773426442359
1 -1.36554450252456 2.61413412829818
2 0.595935159358642 0.625266848065479
