2 -6.62331187622662 0.520076643647348
0 -16.1651976544883 -0.206679403150378
1 -1.14792104719416 1.82051226609122
3 0.77010020817638 -2.89781174023146
3 -0.112657515786393 -5.01683981956982
3 0.216389233461373 -3.23956671365525
1 -1.46334771606331 1.95275244394185
2 -6.59892517845968 0.0330557731183286
3 -0.692688080108585 -2.62802175779404
2 -5.23265818423715 -1.86524221992189
1 -2.8092531438334 1.82523411410207
4 0.771830581563894 -2.07814765274543
0 -17.5111457081946 -1.47654602841726
2 -5.98264734411401 -2.27685369115425
0 -15.8242382791679 0.484507674234174
1 -0.519188896758916 2.76299514311605
1 -1.69452772823181 3.08562109960556
4 1.67027926464901 -0.455573114074822
0 -17.7976064716201 -1.86185584738736
3 -1.51712025752637 -3.38492157067102
1 -1.83285964952337 1.90706005057283
4 0.73075637594078 -1.88412287911964
0 -17.1776931820096 -0.267044169963146
1 -1.85206147530579 4.00103730170782
0 -16.3421234825882 0.00553033333802774
1 -0.381348408684655 3.62241306715716
0 -14.543275282241 -0.203399005470213
0 -15.1532369559952 -0.656027148493158
1 -0.293595796583101 3.10158875536667
1 -0.837426030891478 3.78365953864923
1 -4.13272569188087 3.49772741816382
3 -0.231705252848492 -3.68267429174445
4 2.42167329730692 -1.80992172337190
4 2.16273879587141 -2.65003471896869
1 -0.620075887058006 4.72557914749274
2 -6.4842383798469 0.519647169187707
0 -17.0504045194731 1.19372075463868
2 -5.83702238825657 0.80977189494777
0 -18.0360435126304 0.749872583270087
1 -0.472127618586214 3.48470064681870
1 0.388433405450564 4.12171601423233
3 -0.444615267360984 -3.08005035698676
4 1.70125083781228 -1.44300422210544
3 -0.0858284244214657 -3.26924619940862
4 0.487526517952742 -0.512271088684386
1 -0.840096059497524 1.53521494564083
4 0.776119200597158 -3.5827721094765
4 0.113873331590511 -1.25433667133240
2 -5.31215883417785 -1.1523236836177
4 -0.275053442266683 -2.62891513524916
0 -17.5227844027068 0.654938751952437
1 -0.941767182490351 4.19244345771169
3 -1.14557508930367 -2.23028166601026
3 -0.300382750464793 -3.09119120152641
0 -16.0493117633131 0.785142455592305
0 -17.3565185179019 -0.954038997364037
0 -16.7443106003279 -1.02233450907919
0 -16.8803985576306 0.602410977251944
3 -0.773672464811481 -1.95898556564132
2 -6.11002569651614 -0.685478882377403
1 -2.00770312958787 1.99920071621365
1 -0.256031838002755 5.48047786596281
4 2.53427038581578 -2.49640219493385
4 -0.584457205906284 -1.29041754188062
2 -8.20952223295632 0.621033739759105
0 -17.3402902684615 0.815955113614467
1 -0.771798209060065 4.12634824674685
3 -1.02008714094045 -4.31555173904923
0 -17.1333388760984 -1.74409495321395
3 0.358175488359995 -1.66539486712611
0 -16.4344993937231 -0.983336823444253
2 -4.35201817588655 -2.739380211851
4 1.34776174828244 -1.36632454112646
2 -7.09681821343951 -1.08352881136785
1 1.22021900188287 3.52949688193663
3 -0.56522803201082 -4.77218321313675
0 -16.2260628468010 -0.511808477387474
3 2.21904279172878 -2.20389184566405
3 0.56089522494778 -4.47039442435315
4 0.352272267879421 -2.40698778222020
2 -5.77707924110897 0.639436599103907
2 -7.98936113896548 -1.18057250180633
1 -1.51675906773345 1.09285944771145
4 2.08994574976487 -4.05124547924129
1 0.250572015778594 4.09007501346973
4 2.5217742231004 -1.98205671405666
4 2.02460740586347 -2.47640309269723
1 -1.38476973375587 2.98321423142319
2 -7.20205575416754 -1.68861319121232
3 -0.518852846237166 -3.23075430324878
1 -1.79795208742465 2.34786421720769
1 -1.99908266088971 3.34827664412565
3 3.10083672530099 -2.94847365639662
4 1.58815939402063 -3.18967290824674
0 -16.9004028413192 -1.43487580602850
4 -0.695360632479581 -2.91081705935968
0 -14.5655260214972 -1.43307867881357
0 -15.7757329022214 0.525414689911219
0 -16.3967544061518 -1.04424682031133
4 0.712835988366267 -3.31494839136539
0 -17.3102477899106 -0.859381508540877
4 1.33592596861174 -2.50107017314842
2 -7.30945406603925 -0.621031619949437
3 0.288926952620506 -4.27994437771424
1 -1.10841210902190 3.20244960796564
2 -4.39589577876117 -1.66329482761281
1 -1.17025423280688 3.10858912158365
0 -17.3488536149007 -1.48566235747362
2 -7.2530374957826 -1.27880047552668
3 -0.290984513491606 -3.61597654314035
1 -1.44145770728903 5.6670999734375
1 0.913982996756855 3.42386535026872
3 1.01398686363461 -3.42584990346774
4 1.27705389044721 -1.75164180711660
4 1.39000572967457 -3.42388095668394
2 -5.40644280631393 -3.25095453304416
4 1.63676112468236 -2.23019937396198
0 -15.3656922201396 0.974710332527906
2 -5.06788956290183 0.215887819198861
2 -5.67061612252241 0.101972895633336
2 -5.31444582055856 -2.10891827509494
0 -17.8078993625110 0.141070952063223
3 0.393999200545742 -3.46154096261138
4 2.20348612634796 -2.82285968185059
0 -17.8025109500879 0.793233487496933
0 -17.8925972626956 0.798775793857534
3 1.21545462533080 -3.53395985436484
0 -16.7070540473321 -0.522351192477535
3 -0.482174163348344 -2.63957142966952
0 -17.3354886334307 0.0789277707267576
0 -16.1735360821853 -0.0384690940623339
0 -17.2236230405946 0.254281937304667
1 -1.39225713327038 2.86328300689623
0 -14.9806414576345 -1.24345320574759
4 0.487031462393633 -1.89430717173224
2 -5.05681720372487 -1.92950958163466
1 -0.848598254506336 3.81930458996675
3 0.880543368561066 -2.77905006858936
1 -0.688479236809435 1.96047527477053
2 -6.3361041689384 -0.594423044485639
0 -15.3643638934479 -1.34084196587803
0 -16.9512415478346 0.178302947028096
4 1.12556632667616 -1.83576277293429
0 -17.1733913483927 -1.99667964101038
2 -6.11522827105365 0.192284109736651
2 -5.06648473366206 0.0147913848699599
0 -17.9368635298473 1.10442062466469
4 2.66823724692734 -1.86165128369472
3 -0.0282349281179808 -2.84119667144150
3 -0.655899104870623 -4.61075696126413
3 -1.45553543778642 -3.51019468834321
3 0.747373084418337 -2.75918667485335
2 -4.91507811035532 0.509804044366135
4 0.394324296007792 -3.51135442596502
2 -5.31650698135636 0.203261354687414
0 -16.4654869392387 -0.518193810080132
0 -16.1913278300123 -0.64124584218509
1 0.448899133827088 3.42550377118513
3 -1.07972437933434 -2.79482829951725
2 -8.14636764933925 -0.39839448510327
4 1.45223283596198 -2.84252488226219
0 -16.2967040733147 -1.77510021787432
0 -18.0701185490788 0.102177573887128
4 2.16204548205747 -2.2663747216141
0 -16.0790763595347 -0.123477029390674
2 -6.46763158124305 -0.704140807242641
0 -18.0145158884095 -1.75121189358131
1 -0.0223425734805804 4.46466399295684
3 1.67280462687916 -4.66510770911604
2 -6.78052181029226 -1.01076966867549
1 -1.82563955447636 5.16179848481655
1 -1.16860398418444 0.385602115512444
3 1.54014600307884 -2.78287827399767
3 -1.58749253849354 -2.88092070646072
4 -0.193531138237549 -1.25850108921990
3 1.12107663229637 -2.65654266340641
2 -7.55439947856704 0.0864546767170147
0 -17.2140753968151 -0.363937611234495
3 0.595570657326617 -3.70195176672871
4 1.12375945286400 -2.91144327862369
3 0.697965637267271 -2.8054492093061
4 1.70289006119230 -2.83550887799021
3 -0.154997301516978 -2.27672672446148
1 0.371373636113684 3.23777793733839
1 -1.19979211463486 3.69875938241335
2 -5.79409767773095 -0.312940725124824
4 0.46394615040731 -2.09341471382665
3 -0.721044307080174 -3.66412423624182
0 -17.8142998486781 -0.0646527519186701
2 -6.66775276737752 -1.17831077483775
3 0.119560095528720 -2.18850538444908
3 2.03950694134195 -3.21458892341659
1 0.411089682700375 2.04171770895058
1 -1.10668794881754 2.07073999831650
1 -1.71887533716810 2.11578342766732
3 0.115561224645403 -3.28561691913054
1 -1.49202009282920 2.8712909416016
4 2.71087137133468 -3.18719060349888
4 1.59524148456824 -4.22427078231737
1 -1.36263766411912 3.12196295850685
